3.034
3.083
5.626
8.49
11.573
12.937
15.868
14.75
11.413
6.36
2.772
2.495
0.963
5.8
7.67
13.827
14.405
10.673
0.348
5.806
8.265
7.839
7.335
5.086
2.039
0.715
5.424
8.272
12.186
14.585
15.092
14.148
13.322
8.962
5.353
0.559
1.574
-1.249
3.677
11.61
11.936
14.388
14.681
13.556
11.129
9.582
6.161
4.587
1.067
-0.108
3.607
9.263
12.881
15.38
14.397
13.515
11.773
9.97
5.958
2.564
3.887
5.666
4.192
10.042
14.164
14.547
13.906
13.437
12.652
7.312
4.225
2.165
-0.276
3.704
4.529
8.246
13.039
17.115
17.61
17.91
14.852
6.482
4.032
1.021
-1.503
0.806
3.765
7.21
9.715
13.139
13.847
11.818
10.028
1.894
6.955
3.249
5.014
4.082
4.52
5.983
10.189
13.512
12.526
14.587
12.626
8.267
4.268
0.247
-0.811
2.436
1.864
7.436
10.661
11.945
12.887
13.917
11.197
6.701
5.436
2.553
0.6
2.735
5.976
7.321
13.451
16.821
19.021
15.331
12.535
7.227
5.089
-0.837
6.866
4.801
3.528
9.019
10.881
13.499
14.72
13.992
10.326
6.156
6.367
3.123
1.369
0.771
1.576
7.871
10.701
12.271
16.391
14.126
11.378
5.535
4.588
3.384
1.741
6.162
5.521
7.88
11.175
11.723
12.507
12.282
10.696
10.011
5.791
5.315
3.78
3.832
6.859
9.013
10.734
10.833
13.953
13.12
10.993
7.904
5.603
2.399
-0.793
4.896
6.062
8.007
11.228
13.653
13.555
13.758
12.25
8.465
7.454
2.333
-0.643
3.932
7.022
6.278
10.193
14.112
13.361
14.597
11.675
9.027
7.915
1.189
-2.08
0.506
2.446
6.92
9.066
12.49
13.875
12.352
10.824
7.729
4.581
2.667
2.305
2.164
4.57
8.967
12.873
15.142
14.461
13.494
11.25
5.297
2.79
-0.978
1.974
4.105
1.612
9.788
9.996
11.884
11.621
11.413
10.724
8.661
5.791
4.734
5.101
-0.274
2.814
5.717
9.626
14.104
13.828
14.204
11.363
10.317
4.916
2.522
1.253
1.478
3.057
8.858
9.531
12.647
14.581
14.098
10.303
9.268
7.736
5.512
-0.437
1.421
4.422
9.415
12.764
12.811
14.484
13.624
12.488
9.206
3.369
5.091
-0.325
4.914
5.643
10.153
16.025
15.371
16.521
14.099
10.936
8.59
3.029
0.31
4.261
6.427
7.759
7.952
11.399
12.314
14.719
14.435
11.096
10.372
8.179
1.284
-0.806
4.825
4.652
7.44
10.475
14.564
14.108
14.837
10.602
8.06
5.87
5.021
6.021
4.919
5.572
6.362
11.389
12.323
12.743
12.815
11.379
6.956
5.529
3.067
2.521
6.094
4.604
10.984
11.286
11.731
15.037
12.869
13.377
8.049
3.854
2.101
1.47
5.14
6.967
9.965
14.18
12.547
13.659
13.799
12.683
9.35
5.77
2.269
2.515
4.08
5.724
13.732
15.757
14.747
16.183
12.947
8.844
9.376
6.706
2.584
2.401
2.267
4.772
6.923
11.102
11.678
14.285
14.141
10.304
8.547
7.523
3.288
0.341
0.639
2.565
8.618
10.99
13.801
13.925
15.683
12.398
8.978
4.956
1.921
-1.431
5.294
4.799
8.574
11.819
14.34
13.069
13.971
9.958
7.357
2.196
2.224
2.596
0.989
3.919
8.142
10.013
12.803
14.947
15.861
10.266
6.836
4.557
3.415
0.865
1.045
2.289
6.379
9.853
13.744
14.468
14.466
10.497
7.351
5.526
1.873
0.763
2.657
5.648
9.318
11.583
13.035
15.294
14.455
12.158
7.712
5.741
0.734
2.845
2.563
4.698
7.772
11.403
14.369
13.451
13.555
10.357
7.772
5.801
1.796
0.735
3.581
5.336
8.714
10.428
13.808
16.468
13.885
11.699
9.349
6.111
1.252
3.706
1.675
3.989
7.694
11.666
13.507
15.462
13.84
12.018
7.39
5.964
3.099
2.444
2.973
4.582
6.053
10.357
13.746
13.812
13.925
11.233
8.577
5.331
2.755
1.493
3.466
4.79
9.127
9.859
13.231
13.612
13.744
11.677
8.08
6.206
3.526
0.348
3.62
4.429
7.994
11.321
13.581
14.212
12.281
12.491
8.097
5.306
3.388
0.521
4.745
5.042
8.643
11.059
13.146
14.336
13.16
12.002
8.393
5.666
2.037
3.71
3.605
5.696
9.367
12.376
11.994
12.874
13.484
11.896
9.108
5.284
2.918
2.731
4.39
5.709
8.918
11.029
13.293
14.295
13.14
11.133
7.786
5.207
2.573
2.844
2.736
3.477
7.773
11.273
14.216
14.314
14.722
12.012
8.924
5.702
1.259
4.396
4.957
4.056
6.6
10.417
13.852
14.107
14.04
12.459
9.191
4.777
3.275
2.679
3.213
7.008
8.083
11.769
13.246
14.951
14.754
11.627
8.655
6.031
2.027
1.923
2.078
3.986
8.786
11.353
13.68
14.869
14.086
12.311
9.606
5.904
3.487
2.815
3.634
4.452
9.125
11.097
13.606
13.763
13.619
10.795
9.469
5.572
3.864
2.687
3.149
6.455
7.404
12.123
12.536
14.676
13.187
11.462
9.099
5.72
4.578
3.74
2.828
5.201
7.623
10.457
14.471
14.628
14.039
11.788
9.747
5.535
2.881
0.602
1.443
4.875
9.291
11.795
13.821
15.106
15.366
12.33
9.119
5.961
2.327
2.445
1.939
4.425
10.057
12.107
13.774
15.774
14.511
12.468
9.282
7.132
2.224
2.822
2.557
5.76
8.123
11.104
14.027
14.702
15.27
12.039
7.636
4.555
4.158
2.917
2.937
4.691
8.032
11.503
12.418
13.923
14.593
12.549
8.426
5.231
3.989
1.055
4.094
4.788
6.971
9.331
13.293
14.138
13.799
12.615
8.857
6.015
4.421
1.131
2.142
4.361
7.482
9.357
13.429
14.491
13.047
12.711
7.972
4.512
0.887
0.208
0.856
3.425
7.833
9.243
12.998
12.656
12.905
10.967
8.65
3.099
2.077
0.888
2.391
5.014
6.533
9.069
11.934
12.551
12.041
9.532
6.632
3.827
2.66
1.374
0.45
3.701
6.302
9.443
12.137
11.956
13.326
10.368
6.58
3.503
3.174
0.977
0.131
2.044
6.95
9.58
12.005
14.355
15.018
10.185
7.593
4.369
1.348
-1.385
2.258
1.596
8.182
11.367
13.242
14.521
13.097
12.339
8.666
6.825
2.171
1.502
1.689
2.664
7.193
9.417
12.818
12.532
12.668
10.676
7.374
6.739
5.829
2.051
2.273
3.663
6.588
9.845
11.162
14.394
13.209
11.151
7.137
4.178
1.221
2.737
0.676
3.905
7.606
10.594
11.79
12.267
12.57
10.39
5.699
4.058
0.958
1.54
3.649
4.569
7.889
9.476
11.287
12.072
13.403
8.812
6.203
4.638
0.17
1.204
0.755
5.565
9.901
11.247
13.825
13.51
13.166
10.578
6.654
5.035
2.507
1.014
2.286
2.931
7.029
9.851
12.526
13.038
12.557
10.894
9.312
5.15
1.842
1.236
2.145
4.618
8.7
11.62
13.323
13.311
11.978
11.16
7.588
4.443
1.273
2.999
3.758
5.462
7.739
11.3
12.608
13.039
13.145
10.178
8.535
5.601
2.717
2.759
4.465
7.787
8.278
10.486
13.067
14.212
13.215
10.695
7.774
4.501
1.021
1.758
1.966
5.068
7.665
10.563
13.958
14.197
13.13
10.198
7.642
4.508
1.971
2.651
2.679
5.357
8.375
11.132
13.427
14.83
13.437
11.528
8.197
5.877
5.076
3.213
3.092
5.365
8.988
10.751
13.765
14.007
13.269
11.148
7.979
6.058
3.037
1.893
1.533
4.888
8.403
11.804
13.02
14.482
13.109
11.178
8.459
6.634
4.876
3.593
4.415
6.141
9.429
11.807
13.548
14.684
13.694
10.883
8.51
6.279
2.722
0.595
1.853
5.729
8.737
11.281
14.124
14.384
13.635
10.08
8.656
5.957
2.953
2.032
1.715
5.061
7.815
11.336
12.86
14.225
13.399
10.598
8.806
5.003
2.452
2.957
4.085
4.454
8.841
10.202
12.827
14.942
13.386
10.54
7.993
7.493
4.481
2.182
2.479
4.558
7.731
10.994
13.203
13.58
12.49
9.946
7.83
4.412
2.265
1.717
1.833
4.65
8.059
10.489
12.857
13.727
11.966
10.426
8.634
4.262
0.782
2.006
2.815
4.521
7.869
10.581
13.049
13.803
13.222
11.236
7.9
6.596
2.558
0.334
2.329
5.736
8.085
11.234
12.799
14.197
13.412
11.571
8.617
6.355
3.092
2.551
2.967
4.507
7.769
10.171
12.007
13.129
12.322
9.942
7.835
4.312
1.198
1.67
2.371
5.448
7.315
10.279
12.549
13.646
12.83
10.812
8.756
3.814
2.86
1.94
2.619
3.865
6.556
9.973
12.099
13.526
13.018
10.805
7.653
4.169
2.285
-0.557
1.563
3.723
7.383
9.985
12.742
14.367
13.568
11.106
8.526
5.16
2.613
2.156
3.482
2.673
7.892
10.289
12.548
14.411
14.07
10.853
8.219
3.92
1.074
2.561
2.102
4.04
7.943
11.173
13.411
14.714
13.086
11.01
7.505
4.101
1.909
0.649
2.468
3.307
6.77
10.764
13.062
14.552
13.708
10.921
8.765
4.744
2.548
1.636
2.787
5.75
8.31
10.535
12.629
13.584
13.241
10.94
8.307
4.824
3.73
2.974
3.92
4.744
7.83
10.04
12.53
13.991
13.295
11.326
8.722
4.947
3.765
1.868
2.038
4.734
7.389
10.109
12.84
13.921
13.046
10.819
8.7
4.401
1.891
2.661
1.627
4.651
8.158
10.433
12.863
14.319
13.556
11.234
7.782
5.194
1.736
3.213
3.376
6.314
7.473
10.896
13.53
14.923
14.121
11.738
8.229
5.044
3.776
2.753
3.602
4.046
7.98
10.622
12.828
14.25
13.414
11.619
8.618
5.574
1.726
0.51
3.726
4.806
8.11
10.58
13.247
14.466
13.268
10.997
8.655
5.29
2.099
1.941
2.638
5.302
7.028
10.159
13
14.458
13.603
11.093
8.89
5.778
1.923
0.749
3.071
4.954
7.217
10.004
13.15
14.492
14.039
11.505
8.091
4.733
2.803
2.431
2.508
4.192
7.287
11.113
13.418
14.531
13.751
11.677
9.122
4.973
3.14
2.376
2.54
3.884
7.487
11.169
13.164
14.512
13.304
11.478
8.91
4.593
3.785
1.786
2.228
4.078
7.541
10.975
13.41
14.645
13.953
11.71
8.535
4.783
2.858
1.281
1.941
4.698
7.622
11.095
12.829
14.692
13.889
11.514
9.763
5.745
3.457
2.522
2.982
4.617
8.58
11.186
12.984
13.926
13.547
11.141
8.444
5.186
2.214
2.76
2.226
4.372
7.751
10.53
13.496
14.019
13.021
10.948
8.087
5.36
3.381
1.821
2.481
4.312
6.827
9.885
12.611
13.953
13.203
11.056
8.198
5.236
3.515
2.739
2.284
4.834
8.25
10.851
12.956
13.677
13.22
11.148
8.81
5.99
2.444
2.015
2.611
5.023
8.542
11.456
13.142
13.827
13.217
11.08
8.834
5.912
3.365
2.077
2.632
3.494
7.76
11.062
13.272
14.203
13.765
11.892
8.712
5.027
1.634
0.404
2.137
4.489
7.487
10.516
13.017
13.967
13.656
11.409
8.475
5.707
2.894
0.685
1.769
4.485
7.323
10.739
12.86
13.928
13.188
11.028
8.283
4.792
1.623
3.034
3.253
4.682
7.931
11.081
12.794
13.765
13.294
11.23
8.235
5.392
2.651
1.551
2.506
4.651
7.515
10.956
13.365
14.162
13.434
11.37
8.795
5.232
2.266
2.975
2.152
4.039
7.314
10.917
13.214
14.22
13.58
11.797
9.136
6.144
2.646
2.932
2.274
4.421
7.914
10.898
12.853
14.602
13.532
11.527
8.506
5.895
4.152
2.482
2.664
4.454
8.258
10.495
13.303
14.223
13.506
11.763
9.212
6.939
3.937
1.834
2.039
4.538
8.183
11.308
13.162
14.514
13.744
11.669
9.448
5.192
3.344
2.115
3.864
4.374
7.921
11.295
13.537
14.337
14.01
12.247
9.006
5.773
2.706
2.082
2.134
4.656
7.879
11.339
13.653
14.599
13.484
11.952
8.81
5.6
2.228
1.447
1.736
4.685
8.34
10.788
13.08
14.29
13.932
11.711
9.096
5.113
3.163
1.652
2.35
4.922
7.846
11.198
13.055
14.285
13.821
11.958
9.24
5.372
2.627
2.013
3.195
4.704
7.462
11.006
13.405
14.287
13.755
11.487
9.234
5.819
3.846
2.685
3.069
4.221
8.231
11.306
13.306
14.122
13.815
12.111
9.12
5.809
3.407
1.533
2.259
4.256
7.636
10.746
13.157
14.144
13.401
11.319
8.585
4.614
2.665
1.856
2.617
4.748
8.199
10.69
13.131
14.319
13.481
11.687
8.946
5.093
2.194
2.286
2.928
5.297
8.039
11.056
13.384
14.642
14.151
12.075
9.273
6.348
2.996
2.017
3.728
6.608
8.899
11.017
13.796
14.742
14.094
12.093
9.173
6.446
3.344
2.303
2.737
4.924
7.768
10.803
13.23
14.238
13.245
11.449
9.229
5.526
2.538
1.755
2.052
4.63
7.559
11.096
13.327
14.141
13.807
11.386
8.673
5.893
3.106
2.461
2.626
5.01
8.323
11.165
12.745
14.203
13.71
11.689
8.851
5.272
3.196
2.99
3.231
5.04
7.691
10.888
12.805
13.747
13.703
11.736
8.445
5.066
2.205
1.46
1.856
4.929
7.691
10.832
13.302
14.011
13.224
11.343
8.909
4.905
3.261
2.12
2.474
3.892
7.186
10.198
12.527
13.622
13.257
11.235
8.581
5.164
3.028
1.003
2.243
4.622
7.336
10.567
12.716
13.972
13.351
11.435
8.722
5.425
3.644
1.436
1.793
4.262
7.909
10.784
12.789
14.226
13.323
11.6
8.604
5.226
3.502
0.824
2.054
4.552
7.789
10.84
12.89
14.021
13.097
11.707
8.738
5.592
2.875
1.708
2.039
4.3
7.845
10.62
12.921
14.242
13.511
11.685
9.201
5.792
3.222
1.762
3.409
5.299
8.589
11.242
13.288
14.225
13.504
11.547
8.865
4.999
3.099
1.836
2.516
4.21
7.739
10.464
12.872
14.034
13.266
11.546
9.178
5.03
2.969
1.678
1.88
4.755
7.618
10.785
12.888
13.93
13.496
11.763
8.722
5.115
3.602
2.018
2.805
4.362
7.562
10.622
13.263
13.89
13.42
11.764
9.29
4.859
2.935
0.5
1.654
4.979
7.994
10.747
13.051
14.318
13.454
11.767
9.16
5.902
3.155
1.691
2.923
5.118
7.663
10.944
12.858
14.004
13.488
11.58
9.125
5.405
3.133
1.295
2
4.689
8.247
10.867
13.058
14.053
13.489
11.743
9.117
5.744
3.462
2.291
2.707
4.279
7.33
10.893
13.304
14.233
13.624
11.824
9.416
5.366
3.312
1.893
2.429
4.345
8.278
11.377
13.319
14.31
13.668
11.925
9.197
5.608
3.171
2.737
2.354
3.751
7.907
10.835
13.395
14.138
13.579
11.753
8.828
5.452
3.407
2.515
2.38
4.618
8.281
11.023
12.856
14.159
13.777
12.128
9.409
6.605
3.005
1.461
3.098
5.492
8.223
11.385
13.293
14.171
13.816
11.955
9.666
5.804
3.655
2.191
3.092
5.671
8.522
11.178
13.423
14.339
13.789
11.984
9.003
5.976
3.335
2.684
3.606
4.883
7.956
10.893
13.214
14.231
13.599
11.799
8.801
5.274
2.713
2.514
3.555
4.93
7.832
10.794
12.886
13.992
13.412
11.501
8.812
5.516
2.898
1.637
2.297
4.506
7.684
10.84
13.014
13.836
13.459
11.381
8.833
6.23
3.374
2.254
1.927
4.635
7.755
10.982
13.112
14.077
13.578
11.804
9.041
6.183
3.354
2.068
2.301
4.866
8.626
11.24
13.334
14.122
13.691
11.772
9.267
5.501
3.761
1.798
2.117
4.575
7.579
10.375
12.729
13.769
13.362
11.665
9.234
5.207
2.956
2.304
2.769
4.136
7.832
11.141
13.293
14.197
13.376
11.977
8.865
5.272
3.071
1.395
2.706
4.589
7.534
10.611
12.962
14.06
13.752
11.879
9.192
6.236
3.223
2.333
2.779
4.606
8.105
11.005
13.151
14.279
13.677
11.733
9.006
5.318
2.684
1.66
2.453
4.347
7.99
10.829
13.009
14.082
13.499
11.638
9.263
5.964
3.39
2.402
3.354
4.356
8.229
11.254
13.435
13.723
13.053
11.222
8.367
5.521
3.069
2.083
2.376
4.517
8.023
10.745
13.005
14.137
13.724
11.759
9.077
6.024
4.103
3.376
3.2
4.942
8.098
11.285
13.496
14.298
13.73
11.915
9.387
5.759
3.6
2.299
3.265
5.143
8.705
11.493
13.3
14.443
13.77
11.867
8.984
6.216
3.633
2.616
2.957
4.846
8.047
10.972
12.942
14.052
13.58
11.726
9.053
5.596
2.316
2.133
2.36
4.488
7.855
10.443
12.915
14.259
13.471
11.745
8.544
5.82
2.247
1.934
2.455
4.811
7.644
10.54
12.908
14.002
13.431
11.881
9.433
5.683
2.848
2.184
2.852
4.743
8.487
10.969
13.228
14.274
13.786
11.99
9.361
5.489
3.224
2.841
2.755
5.227
8.293
11.131
13.105
14.245
13.698
11.794
9.021
5.566
2.629
2.98
3.125
5.081
8.324
11.245
13.44
14.436
13.561
11.869
9.264
5.864
3.663
2.15
2.376
5.156
8.38
11.097
13.331
14.278
13.584
11.775
9.056
6.046
3.667
2.487
2.563
4.866
7.749
10.849
13.296
13.984
13.611
11.883
9.52
6.378
3.88
2.339
2.888
5.352
7.97
11.188
13.342
14.304
13.654
11.957
9.203
6.4
3.485
2.268
2.701
5.126
8.442
11.039
13.089
14.066
13.769
11.979
9.196
6.34
4.398
3.453
3.717
5.831
8.193
10.931
13.285
14.168
13.877
12.075
9.55
6.3
3.366
2.372
3.039
4.668
8.035
11.104
13.272
14.323
13.698
12.254
9.887
6.346
3.267
3.046
3.333
4.959
8.244
11.169
13.113
14.31
13.687
12.03
9.486
6.336
3.873
2.054
2.172
5.099
8.094
10.915
12.928
13.957
13.68
11.807
9.46
6.172
2.571
2.401
3.152
5.483
8.182
11.105
13.347
14.465
13.928
11.874
9.261
6.574
3.831
2.761
2.708
5.22
8.163
11.02
13.573
14.576
14.12
12.283
9.937
6.243
4.027
3.604
2.989
4.94
8.769
11.239
13.383
14.372
13.74
12.31
9.682
5.908
3.527
2.169
2.657
4.869
8.125
11.047
13.11
14.236
13.76
11.854
9.238
5.89
3.104
2.476
3.699
4.818
8.016
11.478
13.402
14.343
13.778
11.727
9.421
6.397
3.985
2.175
4.125
5.399
7.771
10.906
13.326
14.331
13.775
11.999
9.516
5.443
3.423
2.249
2.506
5.031
8.127
11.251
13.363
14.629
13.86
12.021
9.457
6.233
3.921
2.453
3.553
4.851
8.14
11.422
13.603
14.375
14.007
12.413
9.729
6.356
3.478
2.91
3.417
5.651
8.913
11.456
13.321
14.482
13.963
12.427
9.784
6.53
3.51
2.932
3.232
4.926
8.328
11.524
13.531
14.395
13.932
11.958
9.218
6.189
4.959
2.335
3.423
5.424
8.756
11.338
13.583
14.571
13.811
12.268
9.457
6.076
4.134
2.735
3.67
5.213
8.575
11.493
13.63
14.694
14.028
11.816
9.71
5.953
3.707
3.103
2.857
5.308
8.416
11.338
13.578
14.242
13.786
12.146
9.627
6.395
3.945
2.396
3.513
5.138
8.638
11.485
13.161
14.46
13.774
12.096
9.907
6.26
4.233
3.504
3.591
5.531
8.434
11.334
13.478
14.468
14.017
12.45
9.808
6.091
3.434
2.525
2.646
5.184
8.681
11.097
13.328
14.213
14.313
12.225
9.575
6.073
3.158
2.979
3.461
5.236
8.837
11.355
13.298
14.409
13.834
12.064
9.281
6.235
3.134
2.597
3.277
5.801
8.686
11.329
13.459
14.349
13.827
12.166
10.011
6.407
3.656
3.366
3.22
4.919
8.499
11.537
13.664
14.445
13.896
12.155
9.584
6.185
3.491
3.219
2.759
5.077
8.344
11.309
13.223
14.199
13.826
11.957
9.531
6.148
3.449
2.008
2.721
5.247
8.123
11.297
13.382
14.14
13.46
11.952
9.153
5.372
3.528
2.138
2.332
5.091
8.367
11.438
13.25
14.324
14.021
12.324
9.67
6.225
4.328
3.049
3.396
4.967
8.461
11.352
13.442
14.549
13.964
12.238
9.157
5.425
3.659
2.964
3.629
5.712
8.892
11.514
13.612
14.392
14.059
12.199
9.59
5.924
3.998
2.059
3.084
5.148
8.158
10.988
13.4
14.241
13.868
12.098
9.546
6.579
3.559
3.412
3.137
4.585
8.136
11.192
13.56
14.242
14.283
11.954
9.735
5.973
3.306
2.466
2.781
4.889
7.922
10.721
13.16
14.18
13.189
11.783
8.928
5.738
3.598
2.488
3.12
5.036
8.366
11.259
13.783
14.129
14.082
12.312
9.496
6.391
4.328
3.574
3.695
5.453
8.52
11.519
13.187
14.438
13.597
11.845
9.375
6.26
3.822
2.959
3.33
5.854
8.819
11.323
13.577
14.449
13.853
11.946
9.16
5.752
3.77
2.713
3.798
4.303
8.133
10.872
13.484
14.198
13.825
12.095
9.497
5.828
4.259
2.926
3.683
5.589
8.631
11.624
13.702
14.288
13.849
12.247
9.328
6.205
3.5
3.003
3.696
5.53
8.54
11.128
13.427
14.205
13.713
12.018
9.468
6.283
3.94
2.901
4.02
5.097
8.173
11.045
13.412
14.506
14.309
12.555
9.943
6.561
3.75
2.881
3.028
4.865
7.922
10.905
13.459
14.301
13.678
11.604
8.832
5.983
3.458
2.862
3.036
5.182
7.99
11.222
13.308
14.078
13.807
11.73
9.488
5.86
3.766
2.49
3.29
5.527
8.161
11.2
13.587
14.569
13.731
12.133
9.153
5.969
3.382
2.71
2.905
5.396
8.458
11.632
13.194
14.331
13.821
12.054
9.809
6.176
3.915
2.353
3.245
6.117
8.455
11.068
13.204
14.026
13.524
11.62
9.453
5.891
3.24
1.966
2.45
5.131
8.576
11.354
13.475
14.218
13.804
12.048
9.489
6.42
4.21
2.836
3.735
5.272
8.603
11.206
13.513
14.395
13.658
12.277
9.348
6.047
3.521
2.967
2.867
5.001
8.339
11.211
13.099
14.139
13.879
12.139
9.388
6.295
3.867
1.882
2.609
5.287
8.337
11.155
13.501
14.231
14.171
11.901
9.346
5.797
3.778
3.038
3.898
5.82
8.938
11.769
13.824
14.435
13.869
12.125
9.609
6.222
3.832
2.261
2.582
5.19
8.386
11.198
13.382
14.288
14.016
11.744
9.098
5.915
3.55
3.059
3.395
5.706
8.584
11.742
13.557
14.351
13.514
12.152
9.318
5.893
3.667
2.884
3.031
4.517
8.294
10.942
13.086
14.155
13.511
11.895
8.511
5.66
3.681
2.492
3.471
5.702
8.85
11.78
13.876
14.631
14.09
11.862
9.156
6.544
3.749
2.705
3.456
5.607
8.791
11.414
13.22
14.364
13.297
12.03
9.339
6.35
3.74
2.679
2.841
5.474
8.455
11.199
13.487
14.114
13.833
12.247
9.586
6.286
4.6
2.956
3.652
5.367
8.935
11.77
13.582
14.742
14.189
12.321
9.55
6.684
4.016
3.785
4.021
6.239
8.953
11.565
13.765
14.738
14.502
12.236
9.394
6.273
4.519
2.558
3.281
4.873
8.465
11.348
13.245
14.545
13.796
12.039
9.232
5.961
4.327
3.445
3.814
5.699
8.693
11.729
13.478
14.408
14.302
12.698
9.478
6.765
3.829
2.941
3.093
5.671
8.432
11.976
13.387
14.429
13.984
12.015
9.378
5.811
3.185
3.01
2.704
5.451
8.633
11.426
13.569
13.973
14.059
11.98
9.338
5.968
3.785
3.315
3.991
5.755
8.871
11.581
13.439
14.293
13.972
11.817
9.299
5.919
3.751
3.139
4.134
5.245
8.595
11.525
13.927
14.89
13.896
12.447
9.59
6.056
4.489
3.454
3.422
5.931
8.992
11.852
14.099
14.798
14.553
12.681
9.979
6.295
4.363
2.71
3.627
5.792
8.689
11.28
13.447
14.612
14.135
12.403
9.76
6.179
4.43
3.243
3.643
6.73
9.169
11.831
13.893
14.784
14.095
12.195
9.882
6.92
4.425
3.195
4.044
5.574
9.226
11.616
14.263
14.987
14.319
12.677
9.753
6.44
4.059
3.579
3.931
5.952
8.572
11.535
13.576
14.139
13.766
11.672
9.353
5.889
4.075
3.301
3.745
5.923
8.69
11.475
13.518
14.595
13.835
11.93
9.614
5.738
4.035
3.024
2.81
5.731
9.018
11.684
14.144
14.658
13.977
12.516
10.002
6.788
4.113
3.54
4.656
5.956
8.972
11.57
14.164
15.116
14.636
12.565
10.106
6.761
4.123
2.862
4.012
5.524
8.679
11.588
13.681
14.827
14.603
12.294
9.525
6.547
4.325
3.165
3.766
6.012
8.891
11.593
14.131
14.565
14.256
12.685
10.109
6.841
4.417
3.352
4.826
6.023
9.358
12.291
14.521
15.34
14.874
12.673
9.941
6.404
4.669
3.544
4.694
5.53
8.838
11.706
14.031
14.853
14.348
12.723
9.997
6.592
4.565
2.95
4.184
6.219
9.552
11.874
14.06
14.848
14.519
12.547
9.486
6.312
3.863
3.336
3.72
6.208
9.245
12.271
14.11
15.161
14.427
12.736
9.935
7.319
4.507
4.026
4.704
6.772
9.229
12.248
14.084
15.354
14.56
12.95
9.988
6.892
4.038
3.981
4.085
6.048
9.154
12.153
14.017
14.983
14.691
12.911
10.424
6.727
5.133
3.525
4.499
6.321
9.249
11.571
13.889
14.312
14.188
12.642
10.127
7.315
4.257
3.808
3.92
6.544
9.618
12.226
14.476
15.19
14.51
13.217
10.601
7.423
4.878
3.286
4.43
6.329
9.055
11.786
14.443
15.042
14.913
12.875
10.289
6.955
4.987
4.579
4.221
6.485
9.823
12.518
14.309
15.23
14.752
12.93
10.332
7.084
4.523
2.844
3.576
6.906
9.295
12.054
14.145
15.174
14.377
12.802
10.399
7.224
4.385
3.687
4.094
6.086
9.367
12.112
14.201
15.231
14.655
13.153
10.136
7.031
4.31
3.737
4.399
6.738
9.671
12.406
14.421
15.213
14.768
12.863
10.442
7.487
4.292
3.282
3.743
6.101
9.483
11.986
14.37
15.482
15.012
12.912
10.352
6.814
4.655
3.157
3.628
6.023
9.676
12.59
14.492
15.076
14.72
13.04
10.428
7.156
4.102
3.685
4.222
6.261
9.044
12.195
14.568
15.003
14.742
13.154
10.256
7.424
4.724
3.732
3.5
6.378
9.589
12.582
14.335
14.873
14.875
13.091
10.33
6.713
4.85
3.881
4.664
6.74
9.313
12.312
14.505
15.051
14.755
12.999
10.801
7.433
5.518